0 8.391004261844909
1 7.994136168961407
2 22.072356192969682
3 41.695782210266316
4 74.16331795415938
5 106.88355963227718
6 152.97264523849844
7 210.0453019967315
8 267.91972050348755
9 340.5550995371285
10 411.1753374061374
11 497.8122155722689
12 598.7329846495543
13 695.5910627379379
14 806.5666987444772
15 918.0939747725591
16 1046.9581343499392
17 1177.6356844420266
18 1317.0931075885042
19 1473.4560522836057
20 1626.4027482341814
21 1794.852531086506
22 1967.4109849630242
23 2149.9328718861266
24 2331.7361691870237
25 2535.8665349875923
26 2737.846915912455
27 2952.131528421928
28 3168.9234445032716
29 3401.6750230244434
30 3635.4666640294527
31 3876.2252586770833
32 4136.574411785493
33 4397.182427921197
34 4665.788162130982
35 4940.289592004848
36 5227.053386095201
37 5515.0723427865105
38 5816.977999547329
39 6125.488761862313
40 6444.612626029547
41 6767.617775441788
42 7103.624174019181
43 7444.508500226053
44 7796.019188428416
45 8153.091140611471
46 8519.041999804069
47 8886.164309399534
48 9268.512149748449
49 9658.79407032203
50 10051.679532954422
51 10460.154910404863
52 10877.182564249104
53 11299.459448876214
54 11722.484269012863
55 12160.227086189101
56 12607.733650107006
57 13062.68379469132
58 13516.287558966449
59 13985.797032362289
60 14463.64432470866
61 14950.85492479932
62 15443.521049363266
63 15940.205491394327
64 16454.34898780999
65 16967.748920175916
66 17496.106724849244
67 18025.991664568355
68 18570.807946195066
69 19117.845769130723
70 19673.82121146498
71 20237.59244641723
72 20812.77802426834
73 21397.1388370941
74 21986.032210968082
75 22578.586947468837
76 23182.915263002626
77 23799.51777566382
78 24422.17160831017
79 25052.385051528527
80 25690.873041132578
81 26326.20631202263
82 26985.29160323693
83 27644.756344786052
84 28312.000332003365
85 28992.02667607109
86 29673.572407461892
87 30367.21066485647
88 31074.7445676915
89 31783.14523414575
90 32494.499598259823
91 33220.383179377335
92 33951.53539398945
93 34696.59035778476
94 35439.11494813136
95 36197.48967309738
96 36966.0490190474
97 37740.137452999654
98 38515.26136061705
99 39307.78787458504
100 40102.38280364227
101 40914.46397530051
102 41721.57220249345
103 42544.70881667089
104 43372.56424291016
105 44210.678092734735
106 45060.23724777491
107 45904.35065004457
108 46769.351759750796
109 47642.6154720248
110 48515.411698911324
111 49399.43075939124
112 50293.52620774185
113 51195.75901420371
114 52099.073079370064
115 53025.009738372224
116 53944.74005443934
117 54882.36237176713
118 55824.61122411723
119 56771.195702918914
120 57725.23585606999
121 58689.20287916238
122 59660.53786687835
123 60646.01332073314
124 61632.79727751246
125 62627.57515464807
126 63635.44709139944
127 64653.88612769871
128 65665.52185629035
129 66699.08351886357
130 67734.10668217085
131 68781.48552302668
132 69832.83522440313
133 70895.46457833449
134 71959.98006601055
135 73039.89600110748
136 74127.78495758103
137 75222.76201192457
138 76323.84685701675
139 77427.65591484636
140 78542.11177385385
141 79672.29712824039
142 80800.55068971087
143 81940.62628754311
144 83092.4081204922
145 84255.48050858192
146 85416.98074715788
147 86592.4731538161
148 87765.00109380523
149 88960.10056302756
150 90151.61292125155
151 91362.54999808838
152 92573.57405502872
153 93799.93882405783
154 95024.21052251456
155 96259.20996538806
156 97506.41209820518
157 98763.75597222106
158 100020.63422318286
159 101287.36139609522
160 102568.92705224494
161 103851.86865978649
162 105146.8195268081
163 106443.37102871308
164 107756.74687168257
165 109066.84076719485
166 110396.174013833
167 111726.43293643158
168 113069.03128292708
169 114416.79676020653
170 115778.73659216636
171 117140.25167065185
172 118515.52469131131
173 119893.07095192886
174 121286.196472488
175 122684.36313161517
176 124090.5152399844
177 125499.786900802
178 126920.3763489574
179 128349.68085103648
180 129782.44226008143
181 131227.52137862606
182 132686.03606996732
183 134146.1258342992
184 135615.93273792308
185 137089.58971406953
186 138577.077995511
187 140065.43974103485
188 141568.8493897161
189 143076.3363641956
190 144598.66651371453
191 146119.9420851059
192 147657.13201948415
193 149191.25974350836
194 150746.47728230816
195 152298.6840092148
196 153866.50447426268
197 155438.92048566908
198 157022.68928577178
199 158613.47917588483
200 160206.51337151421
201 161813.57056165038
202 163426.31565769654
203 165046.3586037183
204 166677.9573091303
205 168307.46602179576
206 169958.14993590987
207 171606.99377428662
208 173273.14381504315
209 174943.68228607834
210 176619.6881353265
211 178298.1906222076
212 179995.98398495498
213 181692.37898650285
214 183405.70710213826
215 185117.66809848664
216 186843.59454248726
217 188581.83808057994
218 190321.33594679303
219 192065.06424745356
220 193827.5485191184
221 195589.7535966048
222 197362.9047676613
223 199147.19003847567
224 200934.85388469067
225 202729.16601229785
226 204540.355264617
227 206349.62918036705
228 208170.76637031662
229 209996.56186132442
230 211831.57311276553
231 213678.63371746318
232 215534.59963412228
233 217397.50192568763
234 219263.2778359525
235 221145.78660248185
236 223025.34982650256
237 224919.89284256144
238 226822.4150952949
239 228732.05015677292
240 230644.62289320194
241 232570.2293060505
242 234507.6439989825
243 236445.95206581865
244 238393.2850559626
245 240347.0641698939
246 242316.07201913637
247 244286.38675563547
248 246265.47096356706
249 248255.70531275723
250 250260.99125042587
251 252259.68785692728
252 254270.917967158
253 256294.40755022303
254 258323.14304068594
255 260365.10774790638
256 262402.9671726859
257 264456.9316361182
258 266515.2323280619
259 268592.00338658097
260 270669.17808817583
261 272754.5085864359
262 274843.6786315606
263 276943.753942434
264 279050.77100087376
265 281168.0387439238
266 283300.6089069269
267 285430.6464681529
268 287568.3189611498
269 289716.07855222095
270 291874.13847944007
271 294044.39850495016
272 296210.30922307033
273 298397.94101053895
274 300580.8572203957
275 302781.7524143885
276 304981.2959553682
277 307200.01368016057
278 309424.1774821029
279 311646.47589987813
280 313887.2545333265
281 316134.88615956105
282 318379.94959919644
283 320648.68059922033
284 322913.90090295824
285 325192.12959266204
286 327480.192651996
287 329773.2556764838
288 332070.1989311912
289 334378.92538263265
290 336698.0476807031
291 339024.37298232137
292 341349.9075974102
293 343697.87808529043
294 346048.1561573979
295 348402.82478972117
296 350767.5176339909
297 353139.5221225134
298 355521.04049247305
299 357913.4454088156
300 360303.71601785586
301 362709.99218708003
302 365119.64807359624
303 367547.4086302924
304 369969.54552322684
305 372411.4012740258
306 374852.44485768944
307 377310.35914969444
308 379773.2358846716
309 382236.7177979804
310 384717.08576922753
311 387203.9767010105
312 389690.82840147713
313 392197.09302907437
314 394702.7065077984
315 397218.6292310271
316 399748.8277268914
317 402282.1842795453
318 404824.34764791525
319 407373.3067843323
320 409930.72667585965
321 412490.9229654829
322 415064.0379575117
323 417648.0903516105
324 420233.5885460368
325 422832.90832612553
326 425435.70961582917
327 428046.8450342305
328 430667.84956653113
329 433299.88560053444
330 435938.8162766433
331 438579.0848550891
332 441237.20914076426
333 443896.5880944371
334 446566.9197809118
335 449243.77873965754
336 451927.70075671
337 454621.56277290516
338 457316.0801739597
339 460025.96676326386
340 462747.10212124645
341 465468.9675980817
342 468207.9315515388
343 470948.1545566202
344 473694.1456769656
345 476454.2308149298
346 479219.7756742351
347 481986.7702465206
348 484768.21546820103
349 487560.41679881496
350 490352.34753441525
351 493164.27851909917
352 495972.1399858027
353 498791.71957758785
354 501619.5151787013
355 504456.824209746
356 507305.2927789497
357 510162.3529758711
358 513018.47387645603
359 515885.6843700537
360 518767.31685677066
361 521654.2337252698
362 524542.2301380878
363 527445.2228632796
364 530353.72429887
365 533275.9810307679
366 536192.315836397
367 539128.8060571441
368 542066.6685461763
369 545015.8984853543
370 547974.2914452878
371 550941.5532720697
372 553909.4756018
373 556899.0115159957
374 559879.4028343013
375 562879.1058244456
376 565887.0858807022
377 568897.0259041864
378 571918.051249423
379 574947.2681138385
380 577989.5042991058
381 581027.6883286383
382 584086.6473483898
383 587143.0076342848
384 590213.888702853
385 593286.1651252445
386 596371.7299069597
387 599465.6332025335
388 602572.2052176038
389 605681.217060177
390 608798.9401085045
391 611918.9710878569
392 615058.0274016365
393 618190.7199324046
394 621348.8411963318
395 624503.2158019114
396 627669.2319800319
397 630843.2187372806
398 634019.9660436267
399 637208.2892319774
400 640406.2444052944
401 643609.2141569217
402 646820.2399966028
403 650045.8118325073
404 653276.0955868273
405 656508.1145387843
406 659751.2487405604
407 663013.1708253984
408 666272.7235529714
409 669539.9153475575
410 672817.0613576157
411 676099.3158809582
412 679398.279865243
413 682695.349379237
414 686005.4194791589
415 689325.8705783079
416 692644.7888137355
417 695976.9155338699
418 699315.3794940374
419 702673.5612459368
420 706030.3324749541
421 709389.3353016967
422 712768.7118495615
423 716149.833362142
424 719532.5642879836
425 722931.7187803868
426 726333.3208990787
427 729748.823887133
428 733171.9130419313
429 736601.4297216152
430 740036.2639098899
431 743477.4657041471
432 746934.0971102563
433 750396.912128687
434 753862.7327659151
435 757344.5075752063
436 760829.7703472528
437 764316.4345916997
438 767819.8505299055
439 771326.7536730323
440 774850.8788967491
441 778368.0042003661
442 781901.8708504345
443 785449.873405469
444 788994.9503695626
445 792551.7787649374
446 796115.5892112659
447 799691.6398548567
448 803272.5284297048
449 806860.8330712132
450 810455.8300689305
451 814062.3878214338
452 817671.0912474985
453 821293.9205166715
454 824919.0377779355
455 828559.9009924805
456 832202.2331618302
457 835860.37515707
458 839522.453938234
459 843189.5199106378
460 846869.3720578699
461 850547.9991573595
462 854240.7844943937
463 857946.3031736705
464 861656.1684505234
465 865372.9383019828
466 869098.5579521651
467 872829.8586385947
468 876570.1360724041
469 880317.4503753519
470 884080.9100311548
471 887839.265968217
472 891611.0600442857
473 895393.0435786708
474 899179.0924947651
475 902985.6466902085
476 906786.5150339598
477 910595.7737244236
478 914416.8525479252
479 918247.6263135457
480 922089.7556618893
481 925926.1158942998
482 929782.6460860411
483 933645.7564727812
484 937514.8768034725
485 941389.0491471392
486 945272.1053285487
487 949171.8668850899
488 953068.282830946
489 956974.4354481514
490 960900.217162701
491 964822.8568268539
492 968749.193851639
493 972698.0760981125
494 976645.7562309768
495 980603.974027756
496 984568.5936954621
497 988543.3654831706
498 992517.8361548996
499 996506.8871208738
500 1000505.6481062031
501 1004510.4124659537
502 1008524.5993135066
503 1012548.9726175545
504 1016571.7484044684
505 1020610.8067988934
506 1024653.2367864997
507 1028709.9970200377
508 1032774.4612774982
509 1036838.6843089109
510 1040914.6633952352
511 1044997.7791550652
512 1049098.2582294259
513 1053190.6194724073
514 1057307.168496089
515 1061417.1366026283
516 1065542.6929626025
517 1069680.066327137
518 1073821.512757719
519 1077965.4202192544
520 1082128.1358192104
521 1086293.7772064738
522 1090466.873339788
523 1094645.0128100219
524 1098831.4413892247
525 1103035.6851230524
526 1107238.3587325162
527 1111449.3962245034
528 1115671.8975785947
529 1119895.0993213854
530 1124136.6331650019
531 1128380.9365784393
532 1132631.0979264197
533 1136891.5204113459
534 1141165.0784096948
535 1145445.5566910063
536 1149723.6422620616
537 1154014.4864872287
538 1158321.0517296477
539 1162624.6507572916
540 1166948.2755567215
541 1171268.7230611392
542 1175604.5452058713
543 1179942.783969243
544 1184292.8314614012
545 1188650.9004149183
546 1193016.7492162087
547 1197393.6278872355
548 1201772.8965919828
549 1206159.4106895437
550 1210556.0403907816
551 1214964.5027518377
552 1219377.6028085488
553 1223796.3168434463
554 1228228.4632951308
555 1232663.5039709012
556 1237108.4213376255
557 1241560.9962144017
558 1246018.7630364753
559 1250489.7195467793
560 1254970.3021316766
561 1259454.8740197183
562 1263940.3885496974
563 1268440.9201500223
564 1272953.4108373409
565 1277469.7981833068
566 1281991.7684016617
567 1286529.0964923126
568 1291066.2753260634
569 1295615.2662052254
570 1300176.718410634
571 1304744.2588849217
572 1309318.8066072357
573 1313896.1100516636
574 1318486.1102983616
575 1323085.6325098218
576 1327686.5749521558
577 1332297.7383383103
578 1336916.3328350552
579 1341550.0974563125
580 1346186.8245586052
581 1350829.9612262899
582 1355483.457376989
583 1360144.8410902435
584 1364811.9838588384
585 1369488.4690537984
586 1374174.4276903416
587 1378870.9639946218
588 1383567.5456636306
589 1388280.5908101983
590 1392999.6561370678
591 1397719.1188987915
592 1402454.4109080872
593 1407194.4115617278
594 1411942.679537957
595 1416696.9384445844
596 1421462.9031807592
597 1426237.0742372456
598 1431024.2819342348
599 1435806.5165870541
600 1440607.0162363215
601 1445407.3044399777
602 1450221.707192996
603 1455046.0511051007
604 1459873.8977596236
605 1464707.0299739833
606 1469557.3023834974
607 1474408.167929824
608 1479270.548312398
609 1484141.926971641
610 1489017.934960647
611 1493902.5958731778
612 1498795.7455532248
613 1503698.1479298072
614 1508606.6746936624
615 1513524.9186080534
616 1518447.5853037494
617 1523374.3649214858
618 1528317.5595700245
619 1533264.5241840244
620 1538227.4619739132
621 1543188.456797099
622 1548167.8660676742
623 1553149.3141456118
624 1558137.0541291686
625 1563130.1806831204
626 1568139.6119933026
627 1573144.9187486738
628 1578165.3212781814
629 1583196.7922505392
630 1588232.2999732038
631 1593281.7626442555
632 1598329.8035110242
633 1603392.8630702747
634 1608459.5661378817
635 1613545.4994480386
636 1618621.4144417779
637 1623715.054960277
638 1628816.7627144535
639 1633925.7653261696
640 1639046.2411350573
641 1644174.4327968068
642 1649302.5780177999
643 1654441.7303206888
644 1659592.1229177571
645 1664749.5684595457
646 1669919.664245757
647 1675093.1030064088
648 1680267.3348499578
649 1685459.0417611958
650 1690658.0273215387
651 1695863.1025313267
652 1701078.9250564196
653 1706292.410673252
654 1711523.0147435104
655 1716765.2642576804
656 1722008.4778000687
657 1727262.0783035266
658 1732515.0671762752
659 1737785.2460476595
660 1743061.892336325
661 1748347.160822019
662 1753641.7460412988
663 1758943.079993839
664 1764250.9463380622
665 1769572.9592164403
666 1774894.2836231808
667 1780227.747683947
668 1785567.3828713305
669 1790915.2433859266
670 1796280.085695747
671 1801639.9848673423
672 1807016.2622992375
673 1812390.726216054
674 1817785.4013991929
675 1823176.8732942832
676 1828588.7503195193
677 1833999.789035752
678 1839422.349031109
679 1844852.0199392096
680 1850283.487484364
681 1855728.196772672
682 1861183.1781648013
683 1866640.7093196718
684 1872112.5730135937
685 1877592.5514607904
686 1883071.415425949
687 1888565.5974769306
688 1894067.9515179782
689 1899580.0855449396
690 1905096.9407602928
691 1910622.8148437939
692 1916150.54400937
693 1921696.2925786113
694 1927245.2758477575
695 1932805.1529049408
696 1938367.0614509077
697 1943937.7832440797
698 1949519.772823359
699 1955107.0446659736
700 1960708.3508544862
701 1966312.8749132925
702 1971919.6639472358
703 1977546.2242813103
704 1983177.1917427876
705 1988814.8741107725
706 1994458.4959991195
707 2000104.54662131
708 2005766.6234235913
709 2011434.1924898105
710 2017115.1618215295
711 2022803.0820708545
712 2028491.1799062712
713 2034194.1470395715
714 2039900.9496107905
715 2045617.4898191837
716 2051348.3177122353
717 2057079.4136434742
718 2062817.7751035243
719 2068566.989830462
720 2074326.6230973378
721 2080089.3609683786
722 2085866.7123697596
723 2091649.520613304
724 2097432.8956659376
725 2103232.2612528484
726 2109037.5585709843
727 2114847.1025910103
728 2120672.4007338206
729 2126494.582972724
730 2132336.4857127615
731 2138176.532198071
732 2144036.0933366297
733 2149894.885288489
734 2155764.6203061296
735 2161639.403692462
736 2167526.2318044384
737 2173421.3353520576
738 2179320.8407137715
739 2185232.783536773
740 2191150.2370005604
741 2197066.5708294706
742 2203001.281295304
743 2208947.4421857134
744 2214890.754895929
745 2220849.3993984037
746 2226816.3527523517
747 2232791.0835103285
748 2238771.4717663988
749 2244755.019948429
750 2250758.5262075793
751 2256763.317672611
752 2262769.8197961957
753 2268798.0926643047
754 2274819.0244103414
755 2280863.7945075235
756 2286904.0679968605
757 2292955.531503219
758 2299024.0288723535
759 2305089.5845936188
760 2311164.048825396
761 2317254.516057798
762 2323340.691912129
763 2329440.8311898015
764 2335552.010194831
765 2341672.933890733
766 2347799.306103691
767 2353925.482377806
768 2360066.363726869
769 2366217.9085986936
770 2372380.096576981
771 2378542.73582638
772 2384711.3339753235
773 2390894.7683515884
774 2397087.485199814
775 2403278.366868643
776 2409482.4955240963
777 2415698.6442263303
778 2421916.943002636
779 2428151.850830037
780 2434383.7549471087
781 2440635.1100258506
782 2446882.7424083357
783 2453145.9996057497
784 2459409.317867534
785 2465691.1353994953
786 2471975.3448185497
787 2478273.9242909914
788 2484574.6791854557
789 2490879.434270922
790 2497198.856503894
791 2503516.3712576926
792 2509855.240354591
793 2516199.250728367
794 2522543.9842558173
795 2528902.7258241954
796 2535261.885319419
797 2541637.6825793004
798 2548016.01823836
799 2554411.5558189405
800 2560808.989359049
801 2567215.6100259656
802 2573623.790372666
803 2580048.254648528
804 2586470.337033533
805 2592912.3109691376
806 2599354.5045214915
807 2605806.0220431364
808 2612268.7301087086
809 2618735.2405231805
810 2625220.3286882727
811 2631700.6456620498
812 2638189.9914194443
813 2644695.2963046203
814 2651206.766120401
815 2657719.4838925693
816 2664243.2668227823
817 2670775.1002621944
818 2677321.5855197553
819 2683871.0595835363
820 2690423.4855403523
821 2696994.8497480983
822 2703562.24918073
823 2710146.5475999266
824 2716732.083665628
825 2723333.6599329105
826 2729931.0085453857
827 2736553.943992034
828 2743168.6239940315
829 2749799.977448698
830 2756437.2733720415
831 2763081.987591039
832 2769729.4357354916
833 2776393.251740103
834 2783068.7531302557
835 2789736.7437245147
836 2796428.8687018314
837 2803117.076971695
838 2809821.9268291052
839 2816528.6027214644
840 2823245.642267378
841 2829968.9472332937
842 2836702.344075199
843 2843440.834709066
844 2850198.8976179166
845 2856951.003523647
846 2863715.035186115
847 2870486.7657470033
848 2877267.925289602
849 2884055.3965065004
850 2890856.98508882
851 2897658.9444048307
852 2904472.037653171
853 2911297.3136019018
854 2918125.876251051
855 2924965.852958115
856 2931804.3244953915
857 2938660.5464658435
858 2945515.8089033603
859 2952385.416771219
860 2959263.5378376506
861 2966153.242648479
862 2973040.959200616
863 2979946.6681077247
864 2986852.8872228
865 2993772.459585578
866 3000692.8750320286
867 3007625.001145578
868 3014574.2658991674
869 3021521.9672975303
870 3028472.88211877
871 3035444.2962596295
872 3042411.634500036
873 3049395.073316218
874 3056384.678266134
875 3063385.640344563
876 3070385.8623352507
877 3077399.9531234056
878 3084415.5798339327
879 3091447.082084144
880 3098488.210210184
881 3105527.25556136
882 3112580.6620107265
883 3119648.5505648223
884 3126711.596035134
885 3133787.550196913
886 3140877.6682865857
887 3147965.1130234106
888 3155065.834746879
889 3162183.2503223154
890 3169292.502166987
891 3176424.482611418
892 3183551.4825865244
893 3190693.6522775735
894 3197842.4860352916
895 3205004.452012631
896 3212163.425609181
897 3219337.894650669
898 3226516.088437466
899 3233712.2902183607
900 3240908.523110345
901 3248112.5181514756
902 3255321.4980776934
903 3262546.3013238013
904 3269771.8589468324
905 3277011.97778896
906 3284257.567992175
907 3291512.505692704
908 3298769.7145771855
909 3306038.437826874
910 3313318.3845198434
911 3320598.116075326
912 3327890.233779563
913 3335193.166115022
914 3342506.7041682405
915 3349823.1570022604
916 3357145.166246044
917 3364482.4589992524
918 3371816.8718800787
919 3379168.228699651
920 3386529.403202361
921 3393895.916278668
922 3401261.0500307884
923 3408649.723009312
924 3416030.339191218
925 3423430.9179048487
926 3430833.136666851
927 3438251.912109106
928 3445672.5979760597
929 3453096.506127055
930 3460531.8481232026
931 3467985.781617123
932 3475438.595310265
933 3482897.6367056323
934 3490363.395577173
935 3497844.694971762
936 3505323.704538161
937 3512820.720257774
938 3520323.380722404
939 3527825.4034775523
940 3535346.302120951
941 3542873.7428802517
942 3550399.3679022696
943 3557944.184838808
944 3565490.846151828
945 3573046.923969103
946 3580611.8863881496
947 3588185.0711558657
948 3595766.398988862
949 3603360.139868015
950 3610955.447207003
951 3618564.3246598165
952 3626178.109694429
953 3633795.9954681178
954 3641428.428708686
955 3649061.3850424183
956 3656709.8207366993
957 3664356.370390525
958 3672017.140679408
959 3679686.2453480023
960 3687369.0846030656
961 3695053.4581136624
962 3702739.373443012
963 3710445.9150049645
964 3718155.7112994073
965 3725872.7042637137
966 3733595.786913244
967 3741332.424369648
968 3749073.6425559516
969 3756820.586435526
970 3764579.299459657
971 3772342.9375176164
972 3780116.436669169
973 3787896.2149848985
974 3795680.911710909
975 3803476.2751080794
976 3811282.1973213763
977 3819102.1090973574
978 3826924.710871875
979 3834745.058279253
980 3842588.059709514
981 3850432.7684704377
982 3858285.79407902
983 3866142.4454350765
984 3874015.070559242
985 3881887.780501841
986 3889778.907770187
987 3897666.0869185748
988 3905565.443007097
989 3913474.2629530947
990 3921392.9466331257
991 3929319.183731768
992 3937257.4543646215
993 3945196.214193899
994 3953147.6524452153
995 3961099.1564594964
996 3969066.508224341
997 3977034.850252134
998 3985019.7660207674
999 3993006.9632869563
